vert
0.000000 1.000000 0.000000
0.723600 0.447215 0.525720
-0.276385 0.447215 0.850640
-0.894425 0.447215 0.000000
-0.276385 0.447215 -0.850640
0.723600 0.447215 -0.525720
0.276385 -0.447215 0.850640
-0.723600 -0.447215 0.525720
-0.723600 -0.447215 -0.525720
0.276385 -0.447215 -0.850640
0.894425 -0.447215 0.000000
0.000000 -1.000000 0.000000

tet
0 2 1 10
0 1 3 10
0 3 4 10
0 4 5 10
0 5 2 10
6 1 2 8
6 3 1 8
6 4 3 8
6 5 4 8
6 2 5 8
7 1 3 9
7 3 4 9
7 4 5 9
7 5 2 9
7 2 1 9
11 1 6 7
11 3 6 7
11 4 6 7
11 5 6 7